time, Quad1.PosFollowErr, Quad2.PosFollowErr, Quad3.PosFollowErr
0.005000,2.000000,2.000000,2.000000
0.010000,1.999999,1.999999,1.999999
0.015000,1.999992,1.999987,1.999987
0.020000,1.999977,1.999963,1.999963
0.025000,1.999926,1.999885,1.999883
0.030000,1.999863,1.999788,1.999783
0.035000,1.999706,1.999551,1.999535
0.040000,1.999547,1.999315,1.999287
0.045000,1.999213,1.998822,1.998761
0.050000,1.998917,1.998391,1.998294
0.055000,1.998358,1.997582,1.997404
0.060000,1.997906,1.996931,1.996675
0.065000,1.997105,1.995780,1.995368
0.070000,1.996486,1.994894,1.994349
0.075000,1.995425,1.993383,1.992593
0.080000,1.994626,1.992248,1.991267
0.085000,1.993285,1.990349,1.989041
0.090000,1.992292,1.988946,1.987400
0.095000,1.990650,1.986629,1.984699
0.100000,1.989451,1.984939,1.982738
0.105000,1.987494,1.982178,1.979550
0.110000,1.986082,1.980181,1.977256
0.115000,1.983799,1.976939,1.973553
0.120000,1.982164,1.974608,1.970903
0.125000,1.979537,1.970845,1.966648
0.130000,1.977666,1.968153,1.963621
0.135000,1.974673,1.963831,1.958783
0.140000,1.972549,1.960752,1.955352
0.145000,1.969167,1.955829,1.949891
0.150000,1.966778,1.952339,1.946034
0.155000,1.962988,1.946783,1.939911
0.160000,1.960320,1.942858,1.935599
0.165000,1.956103,1.936633,1.928784
0.170000,1.953144,1.932253,1.924005
0.175000,1.948486,1.925335,1.916481
0.180000,1.945231,1.920488,1.911226
0.185000,1.940124,1.912857,1.902985
0.190000,1.936566,1.907531,1.897250
0.195000,1.931000,1.899181,1.888283
0.200000,1.927134,1.893372,1.882059
0.205000,1.921102,1.884296,1.872355
0.210000,1.916923,1.878003,1.865638
0.215000,1.910418,1.868198,1.855192
0.220000,1.905924,1.861414,1.847978
0.225000,1.898945,1.850867,1.836783
0.230000,1.894134,1.843586,1.829069
0.235000,1.886678,1.832293,1.817122
0.240000,1.881547,1.824515,1.808909
0.245000,1.873610,1.812471,1.796219
0.250000,1.868157,1.804191,1.787511
0.255000,1.859736,1.791392,1.774078
0.260000,1.853959,1.782609,1.764874
0.265000,1.845048,1.769058,1.750695
0.270000,1.838943,1.759772,1.740994
0.275000,1.829542,1.745464,1.726071
0.280000,1.823112,1.735671,1.715874
0.285000,1.813218,1.720602,1.700207
0.290000,1.806458,1.710303,1.689513
0.295000,1.796070,1.694475,1.673097
0.300000,1.788979,1.683671,1.661900
0.305000,1.778095,1.667088,1.644727
0.310000,1.770673,1.655781,1.633023
0.314999,1.759292,1.638444,1.615089
0.319999,1.751540,1.626634,1.602881
0.324999,1.739664,1.608541,1.584192
0.329999,1.731584,1.596227,1.571478
0.334999,1.719218,1.577372,1.552019
0.339999,1.710812,1.564545,1.538785
0.344999,1.697959,1.544913,1.518535
0.349999,1.689228,1.531565,1.504773
0.354999,1.675887,1.511153,1.483741
0.359999,1.666831,1.497289,1.469470
0.364999,1.653003,1.476123,1.447708
0.369999,1.643621,1.461776,1.432973
0.374999,1.629304,1.439918,1.410554
0.379999,1.619596,1.425130,1.395411
0.384999,1.604791,1.402648,1.372425
0.389999,1.594760,1.387472,1.356936
0.394998,1.579473,1.364445,1.333483
0.399998,1.569123,1.348933,1.317716
0.404998,1.553356,1.325448,1.293895
0.409998,1.542685,1.309663,1.277915
0.414998,1.526439,1.285820,1.253822
0.419998,1.515448,1.269830,1.237692
0.424998,1.498723,1.245727,1.213418
0.429998,1.487414,1.229593,1.197194
0.434998,1.470211,1.205316,1.172819
0.439998,1.458582,1.189093,1.156554
0.444998,1.440900,1.164718,1.132154
0.449998,1.428954,1.148453,1.115895
0.454998,1.410799,1.124053,1.091534
0.459998,1.398541,1.107793,1.075321
0.464998,1.379924,1.083432,1.051054
0.469997,1.367363,1.067218,1.034919
0.474997,1.348303,1.042953,1.010795
0.479997,1.335455,1.026821,0.994771
0.484997,1.315976,1.002702,0.970835
0.489997,1.302858,0.986683,0.954950
0.494997,1.282994,0.962755,0.931244
0.499997,1.269631,0.946877,0.915526
0.504997,1.249419,0.923180,0.892093
0.509997,1.235837,0.907470,0.876572
0.514997,1.215317,0.884049,0.853454
0.519997,1.201544,0.868538,0.838157
0.524997,1.180757,0.845437,0.815393
0.529997,1.166820,0.830154,0.800344
0.534997,1.145809,0.807417,0.777973
0.539997,1.131736,0.792390,0.763199
0.544997,1.110544,0.770057,0.741259
0.549996,1.096365,0.755312,0.726784
0.554996,1.075033,0.733418,0.705310
0.559996,1.060776,0.718977,0.691157
0.564996,1.039348,0.697560,0.670179
0.569996,1.025042,0.683450,0.656366
0.574996,1.003562,0.662547,0.635913
0.579996,0.989234,0.648791,0.622460
0.584996,0.967743,0.628436,0.602558
0.589996,0.953421,0.615058,0.589480
0.594996,0.931958,0.595286,0.570151
0.599996,0.917667,0.582306,0.557460
0.604996,0.896266,0.563148,0.538721
0.609996,0.882028,0.550585,0.526432
0.614996,0.860721,0.532059,0.508307
0.619996,0.846555,0.519925,0.496433
0.624996,0.825371,0.502053,0.478941
0.629995,0.811296,0.490360,0.467492
0.634995,0.790260,0.473157,0.450644
0.639995,0.776292,0.461916,0.439631
0.644995,0.755430,0.445398,0.423441
0.649995,0.741586,0.434618,0.412867
0.654995,0.720920,0.418797,0.397339
0.659995,0.707215,0.408485,0.387210
0.664995,0.686769,0.393368,0.372354
0.669995,0.673216,0.383527,0.362677
0.674995,0.653012,0.369120,0.348506
0.679995,0.639627,0.359754,0.339290
0.684995,0.619683,0.346062,0.325811
0.689995,0.606478,0.337174,0.317057
0.694995,0.586815,0.324201,0.304276
0.699995,0.573804,0.315791,0.295990
0.704994,0.554440,0.303536,0.283916
0.709994,0.541636,0.295607,0.276103
0.714994,0.522591,0.284074,0.264741
0.719994,0.510005,0.276627,0.257406
0.724994,0.491299,0.265821,0.246764
0.729994,0.478945,0.258861,0.239912
0.734994,0.460596,0.248786,0.230001
0.739994,0.448485,0.242313,0.223639
0.744994,0.430509,0.232970,0.214462
0.749994,0.418655,0.226984,0.208589
0.754994,0.401071,0.218375,0.200148
0.759994,0.389485,0.212883,0.194767
0.764994,0.372316,0.205017,0.187067
0.769994,0.361012,0.200022,0.182181
0.774994,0.344278,0.192906,0.175221
0.779994,0.333273,0.188411,0.170831
0.784993,0.316998,0.182038,0.164621
0.789993,0.306307,0.178030,0.160731
0.794993,0.290518,0.172376,0.155269
0.799993,0.280163,0.168839,0.151873
0.804993,0.264894,0.163874,0.147145
0.809993,0.254899,0.160785,0.144231
0.814993,0.240194,0.156473,0.140209
0.819993,0.230591,0.153806,0.137753
0.824993,0.216504,0.150105,0.134397
0.829993,0.207336,0.147829,0.132370
0.834993,0.193940,0.144690,0.129632
0.839993,0.185262,0.142772,0.128001
0.844993,0.172657,0.140142,0.125834
0.849993,0.164548,0.138546,0.124567
0.854993,0.152872,0.136375,0.122917
0.859993,0.145442,0.135069,0.121975
0.864992,0.134889,0.133310,0.120787
0.869992,0.128289,0.132266,0.120136
0.874992,0.119126,0.130881,0.119359
0.879992,0.113563,0.130072,0.118965
0.884992,0.106139,0.129020,0.118549
0.889992,0.101865,0.128420,0.118380
0.894992,0.096575,0.127660,0.118274
0.899992,0.093848,0.127242,0.118295
0.904992,0.091025,0.126736,0.118451
0.909992,0.090005,0.126473,0.118631
0.914992,0.089752,0.126182,0.119004
0.919992,0.090397,0.126051,0.119316
0.924992,0.092477,0.125940,0.119868
0.929992,0.094528,0.125919,0.120287
0.934992,0.098453,0.125956,0.120983
0.939991,0.101548,0.126023,0.121486
0.944991,0.106767,0.126178,0.122291
0.949991,0.110558,0.126314,0.122855
0.954991,0.116597,0.126559,0.123736
0.959991,0.120804,0.126745,0.124341
0.964991,0.127304,0.127051,0.125268
0.969991,0.131724,0.127270,0.125895
0.974991,0.138427,0.127612,0.126841
0.979991,0.142917,0.127846,0.127472
0.984991,0.149643,0.128199,0.128412
0.989991,0.154105,0.128432,0.129030
0.994991,0.160737,0.128773,0.129940
0.999991,0.165106,0.128991,0.130531
1.004991,0.171561,0.129298,0.131388
1.009991,0.175789,0.129486,0.131937
1.014991,0.182002,0.129739,0.132722
1.019992,0.186052,0.129885,0.133218
1.024992,0.191977,0.130065,0.133912
1.029992,0.195823,0.130157,0.134341
1.034992,0.201430,0.130249,0.134927
1.039993,0.205054,0.130277,0.135279
1.044993,0.210312,0.130266,0.135743
1.049993,0.213696,0.130220,0.136009
1.054993,0.218585,0.130092,0.136339
1.059994,0.221718,0.129965,0.136511
1.064994,0.226224,0.129709,0.136696
1.069994,0.229099,0.129494,0.136768
1.074994,0.233213,0.129101,0.136798
1.079994,0.235823,0.128792,0.136766
1.084995,0.239535,0.128255,0.136637
1.089995,0.241873,0.127848,0.136496
1.094995,0.245173,0.127161,0.136201
1.099995,0.247234,0.126651,0.135948
1.104996,0.250117,0.125809,0.135483
1.109996,0.251899,0.125195,0.135116
1.114996,0.254362,0.124196,0.134481
1.119996,0.255864,0.123478,0.134001
1.124997,0.257905,0.122324,0.133196
1.129997,0.259124,0.121503,0.132604
1.134997,0.260737,0.120196,0.131632
1.139997,0.261668,0.119275,0.130931
1.144997,0.262848,0.117818,0.129799
1.149998,0.263489,0.116799,0.128992
1.154998,0.264231,0.115200,0.127706
1.159998,0.264579,0.114089,0.126801
1.164998,0.264882,0.112356,0.125372
1.169999,0.264939,0.111159,0.124374
1.174999,0.264809,0.109301,0.122811
1.179999,0.264580,0.108024,0.121727
1.184999,0.264026,0.106052,0.120041
1.190000,0.263519,0.104703,0.118879
1.195000,0.262552,0.102628,0.117082
1.200000,0.261773,0.101214,0.115851
1.205000,0.260406,0.099048,0.113959
1.210001,0.259365,0.097578,0.112669
1.215001,0.257614,0.095333,0.110694
1.220001,0.256323,0.093814,0.109353
1.225001,0.254207,0.091503,0.107309
1.230001,0.252680,0.089943,0.105926
1.235002,0.250219,0.087579,0.103827
1.240002,0.248469,0.085987,0.102414
1.245002,0.245686,0.083582,0.100276
1.250002,0.243729,0.081969,0.098842
1.255003,0.240649,0.079536,0.096682
1.260003,0.238501,0.077910,0.095238
1.265003,0.235143,0.075464,0.093071
1.270003,0.232816,0.073833,0.091628
1.275004,0.229200,0.071388,0.089469
1.280004,0.226710,0.069762,0.088036
1.285004,0.222861,0.067330,0.085900
1.290004,0.220222,0.065716,0.084487
1.295004,0.216163,0.063311,0.082390
1.300005,0.213393,0.061719,0.081008
1.305005,0.209146,0.059351,0.078963
1.310005,0.206257,0.057788,0.077621
1.315005,0.201845,0.055470,0.075642
1.320006,0.198854,0.053945,0.074349
1.325006,0.194300,0.051689,0.072451
1.330006,0.191223,0.050208,0.071216
1.335006,0.186553,0.048023,0.069413
1.340007,0.183406,0.046592,0.068245
1.345007,0.178643,0.044487,0.066548
1.350007,0.175442,0.043113,0.065455
1.355007,0.170609,0.041098,0.063875
1.360008,0.167370,0.039786,0.062863
1.365008,0.162492,0.037867,0.061410
1.370008,0.159231,0.036622,0.060486
1.375008,0.154331,0.034807,0.059167
1.380008,0.151063,0.033634,0.058334
1.385009,0.146165,0.031929,0.057154
1.390009,0.142906,0.030831,0.056414
1.395009,0.138032,0.029241,0.055374
1.400009,0.134797,0.028219,0.054727
1.405010,0.129970,0.026746,0.053827
1.410010,0.126774,0.025804,0.053273
1.415010,0.122019,0.024451,0.052513
1.420010,0.118878,0.023591,0.052052
1.425011,0.114218,0.022362,0.051428
1.430011,0.111149,0.021585,0.051055
1.435011,0.106608,0.020482,0.050560
1.440011,0.103628,0.019789,0.050272
1.445011,0.099232,0.018813,0.049899
1.450012,0.096357,0.018203,0.049689
1.455012,0.092132,0.017351,0.049429
1.460012,0.089379,0.016824,0.049292
1.465012,0.085353,0.016094,0.049136
1.470013,0.082742,0.015649,0.049064
1.475013,0.078943,0.015039,0.049002
1.480013,0.076495,0.014672,0.048990
1.485013,0.072956,0.014180,0.049013
1.490014,0.070691,0.013889,0.049055
1.495014,0.067443,0.013509,0.049154
1.500014,0.065381,0.013292,0.049243
1.505014,0.062452,0.013019,0.049408
1.510015,0.060613,0.012871,0.049538
1.515015,0.058031,0.012697,0.049762
1.520015,0.056431,0.012613,0.049928
1.525015,0.054223,0.012532,0.050203
1.530015,0.052880,0.012506,0.050402
1.535016,0.051065,0.012510,0.050721
1.540016,0.049989,0.012539,0.050947
1.545016,0.048573,0.012620,0.051305
1.550016,0.047762,0.012699,0.051554
1.555017,0.046735,0.012853,0.051943
1.560017,0.046174,0.012977,0.052212
1.565017,0.045508,0.013194,0.052628
1.570017,0.045175,0.013358,0.052912
1.575018,0.044828,0.013630,0.053348
1.580018,0.044691,0.013828,0.053644
1.585018,0.044610,0.014147,0.054095
1.590018,0.044631,0.014374,0.054399
1.595019,0.044758,0.014732,0.054861
1.600019,0.044898,0.014982,0.055171
1.605019,0.045176,0.015371,0.055637
1.610019,0.045399,0.015639,0.055949
1.615019,0.045775,0.016051,0.056417
1.620020,0.046048,0.016332,0.056728
1.625020,0.046479,0.016760,0.057193
1.630020,0.046774,0.017049,0.057500
1.635020,0.047220,0.017487,0.057957
1.640021,0.047513,0.017779,0.058258
1.645021,0.047940,0.018218,0.058702
1.650021,0.048211,0.018510,0.058993
1.655021,0.048592,0.018943,0.059420
1.660022,0.048827,0.019229,0.059698
1.665022,0.049150,0.019651,0.060104
1.670022,0.049343,0.019926,0.060366
1.675022,0.049596,0.020330,0.060746
1.680022,0.049740,0.020591,0.060991
1.685023,0.049916,0.020971,0.061342
1.690023,0.050004,0.021215,0.061566
1.695023,0.050096,0.021566,0.061886
1.700023,0.050129,0.021789,0.062088
1.705024,0.050139,0.022106,0.062372
1.710024,0.050119,0.022305,0.062548
1.715024,0.050052,0.022584,0.062793
1.720024,0.049984,0.022757,0.062943
1.725025,0.049846,0.022995,0.063147
1.730025,0.049731,0.023140,0.063268
1.735025,0.049525,0.023335,0.063429
1.740025,0.049366,0.023449,0.063520
1.745026,0.049093,0.023598,0.063636
1.750026,0.048891,0.023681,0.063697
1.755026,0.048560,0.023781,0.063767
1.760026,0.048321,0.023832,0.063797
1.765026,0.047938,0.023883,0.063820
1.770027,0.047667,0.023901,0.063820
1.775027,0.047243,0.023903,0.063797
1.780027,0.046950,0.023887,0.063767
1.785027,0.046502,0.023838,0.063699
1.790028,0.046198,0.023790,0.063640
1.795028,0.045735,0.023691,0.063530
1.800028,0.045425,0.023609,0.063443
1.805028,0.044960,0.023460,0.063292
1.810029,0.044652,0.023344,0.063179
1.815029,0.044198,0.023146,0.062989
1.820029,0.043903,0.022998,0.062850
1.825029,0.043473,0.022752,0.062624
1.830029,0.043198,0.022573,0.062461
1.835030,0.042804,0.022282,0.062199
1.840030,0.042553,0.022074,0.062013
1.845030,0.042198,0.021740,0.061720
1.850030,0.041976,0.021504,0.061515
1.855031,0.041670,0.021130,0.061194
1.860031,0.041483,0.020868,0.060971
1.865031,0.041232,0.020457,0.060625
1.870031,0.041084,0.020171,0.060387
1.875032,0.040894,0.019726,0.060019
1.880032,0.040789,0.019418,0.059768
1.885032,0.040662,0.018943,0.059382
1.890032,0.040598,0.018616,0.059120
1.895033,0.040534,0.018113,0.058719
1.900033,0.040512,0.017769,0.058449
1.905033,0.040509,0.017242,0.058038
1.910033,0.040527,0.016884,0.057762
1.915033,0.040583,0.016338,0.057344
1.920034,0.040640,0.015968,0.057065
1.925034,0.040752,0.015406,0.056644
1.930034,0.040842,0.015027,0.056364
1.935034,0.041001,0.014454,0.055945
1.940035,0.041120,0.014069,0.055666
1.945035,0.041318,0.013488,0.055252
1.950035,0.041461,0.013099,0.054978
1.955035,0.041691,0.012515,0.054571
1.960036,0.041855,0.012126,0.054304
1.965036,0.042114,0.011542,0.053909
1.970036,0.042294,0.011155,0.053651
1.975036,0.042572,0.010575,0.053271
1.980036,0.042761,0.010192,0.053023
1.985037,0.043046,0.009620,0.052662
1.990037,0.043236,0.009243,0.052427
1.995037,0.043520,0.008682,0.052086
2.000037,0.043708,0.008314,0.051866
2.005037,0.043987,0.007768,0.051547
2.010037,0.044168,0.007410,0.051343
2.015036,0.044432,0.006882,0.051049
2.020036,0.044602,0.006536,0.050861
2.025036,0.044849,0.006029,0.050593
2.030035,0.045007,0.005699,0.050423
2.035035,0.045232,0.005214,0.050181
2.040035,0.045374,0.004900,0.050030
2.045034,0.045572,0.004441,0.049816
2.050034,0.045694,0.004145,0.049683
2.055033,0.045861,0.003714,0.049497
2.060033,0.045960,0.003437,0.049383
2.065033,0.046092,0.003037,0.049226
2.070032,0.046168,0.002780,0.049130
2.075032,0.046264,0.002411,0.049000
2.080032,0.046317,0.002176,0.048922
2.085031,0.046378,0.001841,0.048818
2.090031,0.046406,0.001629,0.048756
2.095031,0.046428,0.001329,0.048677
2.100030,0.046429,0.001142,0.048631
2.105030,0.046410,0.000884,0.048574
2.110029,0.046384,0.000731,0.048542
2.115029,0.046322,0.000538,0.048507
2.120029,0.046265,0.000445,0.048490
2.125028,0.046158,0.000383,0.048475
2.130028,0.046072,0.000398,0.048471
2.135028,0.045919,0.000476,0.048475
2.140027,0.045803,0.000545,0.048485
2.145027,0.045607,0.000652,0.048508
2.150027,0.045463,0.000720,0.048529
2.155026,0.045226,0.000812,0.048569
2.160026,0.045055,0.000865,0.048601
2.165025,0.044778,0.000931,0.048656
2.170025,0.044580,0.000965,0.048698
2.175025,0.044266,0.001002,0.048767
2.180024,0.044046,0.001019,0.048817
2.185024,0.043696,0.001033,0.048897
2.190024,0.043451,0.001035,0.048954
2.195023,0.043066,0.001028,0.049045
2.200023,0.042797,0.001017,0.049108
2.205023,0.042379,0.000991,0.049207
2.210022,0.042089,0.000970,0.049275
2.215022,0.041643,0.000932,0.049381
2.220021,0.041339,0.000903,0.049454
2.225021,0.040873,0.000859,0.049565
2.230021,0.040557,0.000831,0.049642
2.235020,0.040078,0.000794,0.049758
2.240020,0.039755,0.000774,0.049837
2.245020,0.039264,0.000759,0.049957
2.250019,0.038934,0.000761,0.050039
2.255019,0.038436,0.000788,0.050162
2.260019,0.038104,0.000823,0.050245
2.265018,0.037605,0.000900,0.050370
2.270018,0.037272,0.000965,0.050453
2.275017,0.036774,0.001080,0.050579
2.280017,0.036443,0.001166,0.050662
2.285017,0.035950,0.001309,0.050787
2.290016,0.035626,0.001412,0.050869
2.295016,0.035144,0.001576,0.050991
2.300016,0.034826,0.001690,0.051072
2.305015,0.034356,0.001865,0.051191
2.310015,0.034047,0.001985,0.051270
2.315015,0.033593,0.002169,0.051385
2.320014,0.033295,0.002294,0.051461
2.325014,0.032856,0.002485,0.051573
2.330014,0.032570,0.002613,0.051646
2.335013,0.032151,0.002805,0.051753
2.340013,0.031878,0.002932,0.051822
2.345012,0.031480,0.003122,0.051924
2.350012,0.031224,0.003246,0.051990
2.355012,0.030852,0.003430,0.052085
2.360011,0.030613,0.003550,0.052146
2.365011,0.030270,0.003725,0.052234
2.370011,0.030049,0.003837,0.052290
2.375010,0.029733,0.004001,0.052370
2.380010,0.029532,0.004105,0.052420
2.385010,0.029244,0.004256,0.052490
2.390009,0.029063,0.004351,0.052533
2.395009,0.028807,0.004488,0.052594
2.400008,0.028645,0.004574,0.052631
2.405008,0.028417,0.004696,0.052682
2.410008,0.028273,0.004772,0.052712
2.415007,0.028071,0.004879,0.052752
2.420007,0.027945,0.004944,0.052775
2.425007,0.027766,0.005035,0.052805
2.430006,0.027655,0.005089,0.052820
2.435006,0.027498,0.005163,0.052839
2.440006,0.027400,0.005207,0.052847
2.445005,0.027266,0.005264,0.052854
2.450005,0.027184,0.005296,0.052855
2.455004,0.027072,0.005335,0.052850
2.460004,0.027004,0.005355,0.052844
2.465004,0.026910,0.005377,0.052828
2.470003,0.026854,0.005385,0.052815
2.475003,0.026778,0.005389,0.052790
2.480003,0.026732,0.005385,0.052769
2.485002,0.026669,0.005370,0.052735
2.490002,0.026630,0.005354,0.052708
2.495002,0.026575,0.005321,0.052665
2.500001,0.026539,0.005293,0.052633
2.505001,0.026489,0.005243,0.052582
2.510000,0.026456,0.005204,0.052545
2.515000,0.026408,0.005137,0.052486
2.520000,0.026378,0.005087,0.052444
2.524999,0.026333,0.005005,0.052377
2.529999,0.026302,0.004945,0.052330
2.534999,0.026255,0.004848,0.052255
2.539998,0.026224,0.004779,0.052202
2.544998,0.026177,0.004668,0.052120
2.549998,0.026144,0.004590,0.052063
2.554997,0.026091,0.004468,0.051974
2.559997,0.026054,0.004383,0.051913
2.564996,0.025995,0.004250,0.051819
2.569996,0.025954,0.004158,0.051754
2.574996,0.025890,0.004017,0.051657
2.579995,0.025846,0.003920,0.051591
2.584995,0.025779,0.003771,0.051491
2.589995,0.025732,0.003670,0.051424
2.594994,0.025659,0.003515,0.051322
