time, Quad.Est.E.Yaw, Quad.Est.E.Pitch, Quad.Est.E.Roll
0.005000,0.000000,-0.000025,0.000010
0.010000,0.000000,-0.000149,0.000009
0.015000,-0.000000,-0.000684,0.000010
0.020000,-0.000001,-0.001308,-0.000002
0.025000,-0.000004,-0.002650,-0.000045
0.030000,-0.000004,-0.003811,-0.000065
0.035000,-0.000002,-0.005812,-0.000103
0.040000,0.000001,-0.007211,-0.000112
0.045000,0.000007,-0.009244,-0.000112
0.050000,0.000013,-0.010423,-0.000114
0.055000,0.000022,-0.011771,-0.000116
0.060000,0.000027,-0.012320,-0.000112
0.065000,0.000034,-0.012613,-0.000071
0.070000,0.000038,-0.012455,-0.000040
0.075000,0.000043,-0.011794,-0.000020
0.080000,0.000043,-0.011124,-0.000022
0.085000,0.000043,-0.009905,-0.000040
0.090000,0.000042,-0.009038,-0.000043
0.095000,0.000042,-0.007763,-0.000042
0.100000,0.000041,-0.006957,-0.000035
0.105000,0.000039,-0.005886,-0.000022
0.110000,0.000038,-0.005288,-0.000013
0.115000,0.000035,-0.004541,-0.000011
0.120000,0.000031,-0.004148,-0.000016
0.125000,0.000028,-0.003728,-0.000034
0.130000,0.000026,-0.003537,-0.000031
0.135000,0.000024,-0.003370,-0.000012
0.140000,0.000022,-0.003306,0.000005
0.145000,0.000020,-0.003255,0.000029
0.150000,0.000019,-0.003235,0.000055
0.155000,0.000016,-0.003061,0.000071
0.160000,0.000012,-0.002640,0.000091
0.165000,0.000007,-0.001408,0.000104
0.170000,0.000004,-0.000197,0.000109
0.175000,-0.000002,0.002165,0.000098
0.180000,-0.000005,0.004051,0.000014
0.185000,-0.000013,0.007254,-0.000177
0.190000,-0.000023,0.009554,-0.000281
0.195000,-0.000047,0.013143,-0.000425
0.200000,-0.000070,0.015538,-0.000463
0.205000,-0.000107,0.018890,-0.000445
0.210000,-0.000133,0.020814,-0.000434
0.215000,-0.000175,0.022866,-0.000441
0.220000,-0.000206,0.023556,-0.000458
0.225000,-0.000255,0.023664,-0.000483
0.230000,-0.000288,0.023217,-0.000497
0.235000,-0.000336,0.021944,-0.000500
0.240000,-0.000366,0.020790,-0.000507
0.245000,-0.000410,0.018812,-0.000515
0.250000,-0.000438,0.017397,-0.000510
0.255000,-0.000475,0.015225,-0.000488
0.260000,-0.000497,0.013773,-0.000479
0.265000,-0.000527,0.011634,-0.000467
0.270000,-0.000546,0.010265,-0.000476
0.275000,-0.000572,0.008330,-0.000488
0.280000,-0.000588,0.007147,-0.000495
0.285000,-0.000608,0.005550,-0.000528
0.290000,-0.000621,0.004648,-0.000556
0.295000,-0.000638,0.003576,-0.000601
0.300000,-0.000647,0.003040,-0.000615
0.305000,-0.000661,0.002504,-0.000593
0.310000,-0.000669,0.002288,-0.000575
0.314999,-0.000678,0.002123,-0.000559
0.319999,-0.000683,0.002116,-0.000552
0.324999,-0.000689,0.002212,-0.000549
0.329999,-0.000692,0.002325,-0.000549
0.334999,-0.000698,0.002548,-0.000561
0.339999,-0.000702,0.002689,-0.000579
0.344999,-0.000709,0.002839,-0.000622
0.349999,-0.000715,0.002890,-0.000650
0.354999,-0.000726,0.002857,-0.000665
0.359999,-0.000735,0.002783,-0.000676
0.364999,-0.000747,0.002623,-0.000712
0.369999,-0.000755,0.002462,-0.000726
0.374999,-0.000766,0.002171,-0.000694
0.379999,-0.000773,0.001981,-0.000661
0.384999,-0.000781,0.001683,-0.000620
0.389999,-0.000785,0.001509,-0.000615
0.394998,-0.000790,0.001304,-0.000637
0.399998,-0.000792,0.001193,-0.000651
0.404998,-0.000797,0.001060,-0.000666
0.409998,-0.000801,0.000984,-0.000692
0.414998,-0.000808,0.000925,-0.000714
0.419998,-0.000812,0.000899,-0.000736
0.424998,-0.000818,0.000841,-0.000774
0.429998,-0.000820,0.000714,-0.000781
0.434998,-0.000823,0.000310,-0.000767
0.439998,-0.000825,-0.000124,-0.000773
0.444998,-0.000827,-0.000979,-0.000797
0.449998,-0.000825,-0.001665,-0.000804
0.454998,-0.000821,-0.002792,-0.000791
0.459998,-0.000815,-0.003566,-0.000782
0.464998,-0.000802,-0.004678,-0.000746
0.469997,-0.000792,-0.005355,-0.000720
0.474997,-0.000773,-0.006234,-0.000692
0.479997,-0.000759,-0.006720,-0.000687
0.484997,-0.000736,-0.007285,-0.000687
0.489997,-0.000719,-0.007565,-0.000699
0.494997,-0.000693,-0.007863,-0.000699
0.499997,-0.000675,-0.007960,-0.000698
0.504997,-0.000650,-0.007944,-0.000658
0.509997,-0.000634,-0.007857,-0.000630
0.514997,-0.000612,-0.007638,-0.000590
0.519997,-0.000597,-0.007453,-0.000566
0.524997,-0.000577,-0.007176,-0.000527
0.529997,-0.000566,-0.007006,-0.000513
0.534997,-0.000551,-0.006772,-0.000484
0.539997,-0.000542,-0.006626,-0.000467
0.544997,-0.000530,-0.006475,-0.000455
0.549996,-0.000522,-0.006399,-0.000448
0.554996,-0.000508,-0.006312,-0.000443
0.559996,-0.000498,-0.006279,-0.000457
0.564996,-0.000484,-0.006238,-0.000485
0.569996,-0.000473,-0.006210,-0.000505
0.574996,-0.000456,-0.006141,-0.000555
0.579996,-0.000445,-0.006079,-0.000602
0.584996,-0.000427,-0.005960,-0.000649
0.589996,-0.000415,-0.005861,-0.000671
0.594996,-0.000397,-0.005693,-0.000704
0.599996,-0.000385,-0.005560,-0.000712
0.604996,-0.000368,-0.005352,-0.000709
0.609996,-0.000358,-0.005205,-0.000706
0.614996,-0.000344,-0.004994,-0.000695
0.619996,-0.000335,-0.004860,-0.000681
0.624996,-0.000324,-0.004660,-0.000647
0.629995,-0.000317,-0.004509,-0.000618
0.634995,-0.000307,-0.004295,-0.000582
0.639995,-0.000299,-0.004140,-0.000555
0.644995,-0.000289,-0.003882,-0.000527
0.649995,-0.000284,-0.003711,-0.000503
0.654995,-0.000279,-0.003450,-0.000464
0.659995,-0.000277,-0.003279,-0.000439
0.664995,-0.000275,-0.003021,-0.000432
0.669995,-0.000274,-0.002851,-0.000443
0.674995,-0.000270,-0.002577,-0.000461
0.679995,-0.000267,-0.002386,-0.000481
0.684995,-0.000262,-0.002101,-0.000502
0.689995,-0.000259,-0.001901,-0.000515
0.694995,-0.000257,-0.001635,-0.000544
0.699995,-0.000257,-0.001490,-0.000575
0.704994,-0.000257,-0.001277,-0.000582
0.709994,-0.000257,-0.001136,-0.000568
0.714994,-0.000257,-0.000943,-0.000546
0.719994,-0.000258,-0.000829,-0.000544
0.724994,-0.000257,-0.000680,-0.000516
0.729994,-0.000257,-0.000583,-0.000480
0.734994,-0.000255,-0.000446,-0.000435
0.739994,-0.000253,-0.000337,-0.000440
0.744994,-0.000251,-0.000170,-0.000463
0.749994,-0.000250,-0.000055,-0.000484
0.754994,-0.000249,0.000126,-0.000507
0.759994,-0.000249,0.000254,-0.000520
0.764994,-0.000248,0.000427,-0.000548
0.769994,-0.000249,0.000531,-0.000554
0.774994,-0.000251,0.000669,-0.000549
0.779994,-0.000252,0.000752,-0.000539
0.784993,-0.000255,0.000859,-0.000515
0.789993,-0.000256,0.000938,-0.000498
0.794993,-0.000258,0.001035,-0.000473
0.799993,-0.000259,0.001102,-0.000454
0.804993,-0.000261,0.001173,-0.000428
0.809993,-0.000262,0.001209,-0.000425
0.814993,-0.000264,0.001249,-0.000444
0.819993,-0.000264,0.001262,-0.000447
0.824993,-0.000264,0.001293,-0.000446
0.829993,-0.000267,0.001295,-0.000447
0.834993,-0.000270,0.001298,-0.000467
0.839993,-0.000273,0.001301,-0.000470
0.844993,-0.000276,0.001329,-0.000457
0.849993,-0.000278,0.001359,-0.000461
0.854993,-0.000281,0.001408,-0.000484
0.859993,-0.000283,0.001424,-0.000513
0.864992,-0.000286,0.001427,-0.000535
0.869992,-0.000288,0.001435,-0.000547
0.874992,-0.000291,0.001434,-0.000556
0.879992,-0.000294,0.001441,-0.000563
0.884992,-0.000298,0.001462,-0.000566
0.889992,-0.000301,0.001472,-0.000573
0.894992,-0.000306,0.001472,-0.000578
0.899992,-0.000309,0.001467,-0.000586
0.904992,-0.000313,0.001453,-0.000597
0.909992,-0.000315,0.001443,-0.000719
0.914992,-0.000320,0.001426,-0.001210
0.919992,-0.000327,0.001408,-0.001789
0.924992,-0.000343,0.001347,-0.003098
0.929992,-0.000357,0.001323,-0.004216
0.934992,-0.000387,0.001299,-0.006178
0.939991,-0.000413,0.001265,-0.007589
0.944991,-0.000457,0.001196,-0.009656
0.949991,-0.000487,0.001141,-0.010858
0.954991,-0.000532,0.001060,-0.012249
0.959991,-0.000559,0.001003,-0.012817
0.964991,-0.000590,0.000901,-0.013115
0.969991,-0.000606,0.000837,-0.012979
0.974991,-0.000622,0.000742,-0.012349
0.979991,-0.000633,0.000695,-0.011721
0.984991,-0.000647,0.000637,-0.010592
0.989991,-0.000655,0.000607,-0.009770
0.994991,-0.000671,0.000579,-0.008521
0.999991,-0.000686,0.000574,-0.007717
1.004991,-0.000707,0.000573,-0.006620
1.009991,-0.000718,0.000566,-0.005978
1.014991,-0.000722,0.000539,-0.005211
1.019992,-0.000719,0.000516,-0.004817
1.024992,-0.000715,0.000490,-0.004381
1.029992,-0.000704,0.000459,-0.004189
1.034992,-0.000687,0.000415,-0.004013
1.039993,-0.000675,0.000389,-0.003953
1.044993,-0.000655,0.000349,-0.003900
1.049993,-0.000633,0.000310,-0.003882
1.054993,-0.000602,0.000255,-0.003696
1.059994,-0.000583,0.000225,-0.003269
1.064994,-0.000556,0.000185,-0.002021
1.069994,-0.000547,0.000171,-0.000796
1.074994,-0.000536,0.000159,0.001543
1.079994,-0.000531,0.000156,0.003394
1.084995,-0.000538,0.000175,0.006510
1.089995,-0.000542,0.000193,0.008745
1.094995,-0.000551,0.000231,0.012248
1.099995,-0.000551,0.000257,0.014592
1.104996,-0.000548,0.000315,0.017902
1.109996,-0.000544,0.000378,0.019793
1.114996,-0.000529,0.000519,0.021790
1.119996,-0.000505,0.000624,0.022452
1.124997,-0.000443,0.000769,0.022561
1.129997,-0.000388,0.000857,0.022150
1.134997,-0.000292,0.000948,0.020934
1.139997,-0.000224,0.000993,0.019825
1.144997,-0.000123,0.001044,0.017860
1.149998,-0.000059,0.001061,0.016457
1.154998,0.000021,0.001056,0.014293
1.159998,0.000060,0.001031,0.012838
1.164998,0.000099,0.000975,0.010688
1.169999,0.000107,0.000916,0.009311
1.174999,0.000098,0.000817,0.007360
1.179999,0.000076,0.000742,0.006159
1.184999,0.000015,0.000600,0.004529
1.190000,-0.000042,0.000488,0.003589
1.195000,-0.000161,0.000277,0.002472
1.200000,-0.000262,0.000107,0.001927
1.205000,-0.000413,-0.000138,0.001418
1.210001,-0.000502,-0.000278,0.001233
1.215001,-0.000631,-0.000475,0.001119
1.220001,-0.000707,-0.000589,0.001118
1.225001,-0.000790,-0.000713,0.001209
1.230001,-0.000823,-0.000762,0.001310
1.235002,-0.000836,-0.000775,0.001474
1.240002,-0.000826,-0.000756,0.001569
1.245002,-0.000780,-0.000688,0.001658
1.250002,-0.000736,-0.000626,0.001674
1.255003,-0.000689,-0.000560,0.001625
1.260003,-0.000661,-0.000524,0.001550
1.265003,-0.000619,-0.000472,0.001390
1.270003,-0.000584,-0.000430,0.001269
1.275004,-0.000541,-0.000383,0.001089
1.280004,-0.000520,-0.000362,0.000990
1.285004,-0.000507,-0.000348,0.000828
1.290004,-0.000510,-0.000354,0.000687
1.295004,-0.000496,-0.000344,0.000471
1.300005,-0.000479,-0.000328,0.000344
1.305005,-0.000454,-0.000302,0.000188
1.310005,-0.000444,-0.000292,0.000080
1.315005,-0.000459,-0.000309,-0.000038
1.320006,-0.000478,-0.000332,-0.000091
1.325006,-0.000505,-0.000364,-0.000160
1.330006,-0.000517,-0.000378,-0.000282
1.335006,-0.000514,-0.000377,-0.000631
1.340007,-0.000518,-0.000384,-0.000990
1.345007,-0.000508,-0.000378,-0.001693
1.350007,-0.000492,-0.000366,-0.002280
1.355007,-0.000488,-0.000365,-0.003274
1.360008,-0.000498,-0.000379,-0.003992
1.365008,-0.000509,-0.000402,-0.005056
1.370008,-0.000511,-0.000414,-0.005714
1.375008,-0.000489,-0.000398,-0.006576
1.380008,-0.000478,-0.000394,-0.007059
1.385009,-0.000468,-0.000400,-0.007649
1.390009,-0.000462,-0.000407,-0.007942
1.395009,-0.000457,-0.000421,-0.008214
1.400009,-0.000455,-0.000433,-0.008298
1.405010,-0.000447,-0.000445,-0.008312
1.410010,-0.000435,-0.000445,-0.008261
1.415010,-0.000411,-0.000434,-0.008103
1.420010,-0.000402,-0.000439,-0.007972
1.425011,-0.000386,-0.000437,-0.007772
1.430011,-0.000375,-0.000432,-0.007645
1.435011,-0.000362,-0.000427,-0.007457
1.440011,-0.000359,-0.000433,-0.007354
1.445011,-0.000362,-0.000469,-0.007215
1.450012,-0.000361,-0.000486,-0.007135
1.455012,-0.000354,-0.000489,-0.007029
1.460012,-0.000344,-0.000477,-0.006971
1.465012,-0.000325,-0.000445,-0.006880
1.470013,-0.000312,-0.000413,-0.006808
1.475013,-0.000294,-0.000364,-0.006712
1.480013,-0.000286,-0.000338,-0.006653
1.485013,-0.000277,-0.000312,-0.006548
1.490014,-0.000271,-0.000284,-0.006472
1.495014,-0.000260,-0.000226,-0.006300
1.500014,-0.000254,-0.000181,-0.006168
1.505014,-0.000249,-0.000116,-0.005963
1.510015,-0.000245,-0.000084,-0.005819
1.515015,-0.000244,-0.000071,-0.005600
1.520015,-0.000244,-0.000068,-0.005455
1.525015,-0.000245,-0.000082,-0.005216
1.530015,-0.000245,-0.000114,-0.005077
1.535016,-0.000245,-0.000155,-0.004887
1.540016,-0.000246,-0.000161,-0.004753
1.545016,-0.000248,-0.000165,-0.004538
1.550016,-0.000249,-0.000167,-0.004377
1.555017,-0.000250,-0.000170,-0.004113
1.560017,-0.000251,-0.000163,-0.003934
1.565017,-0.000255,-0.000173,-0.003667
1.570017,-0.000260,-0.000170,-0.003472
1.575018,-0.000269,-0.000157,-0.003178
1.580018,-0.000274,-0.000152,-0.002990
1.585018,-0.000280,-0.000144,-0.002744
1.590018,-0.000282,-0.000147,-0.002599
1.595019,-0.000285,-0.000152,-0.002405
1.600019,-0.000288,-0.000140,-0.002273
1.605019,-0.000293,-0.000125,-0.002062
1.610019,-0.000300,-0.000094,-0.001930
1.615019,-0.000307,-0.000058,-0.001730
1.620020,-0.000310,-0.000046,-0.001615
1.625020,-0.000316,-0.000018,-0.001415
1.630020,-0.000324,0.000012,-0.001284
1.635020,-0.000340,0.000078,-0.001127
1.640021,-0.000352,0.000123,-0.001033
1.645021,-0.000362,0.000153,-0.000874
1.650021,-0.000364,0.000150,-0.000773
1.655021,-0.000368,0.000158,-0.000627
1.660022,-0.000368,0.000156,-0.000509
1.665022,-0.000362,0.000129,-0.000335
1.670022,-0.000359,0.000116,-0.000209
1.675022,-0.000352,0.000082,-0.000029
1.680022,-0.000345,0.000050,0.000076
1.685023,-0.000332,-0.000019,0.000184
1.690023,-0.000320,-0.000075,0.000241
1.695023,-0.000311,-0.000133,0.000333
1.700023,-0.000307,-0.000155,0.000383
1.705024,-0.000304,-0.000175,0.000454
1.710024,-0.000307,-0.000167,0.000494
1.715024,-0.000313,-0.000150,0.000541
1.720024,-0.000315,-0.000147,0.000570
1.725025,-0.000322,-0.000115,0.000606
1.730025,-0.000329,-0.000080,0.000620
1.735025,-0.000346,-0.000003,0.000652
1.740025,-0.000354,0.000037,0.000669
1.745026,-0.000363,0.000076,0.000713
1.750026,-0.000368,0.000101,0.000747
1.755026,-0.000367,0.000088,0.000807
1.760026,-0.000362,0.000061,0.000843
1.765026,-0.000357,0.000019,0.000884
1.770027,-0.000353,-0.000016,0.000899
1.775027,-0.000352,-0.000046,0.000907
1.780027,-0.000351,-0.000054,0.000902
1.785027,-0.000353,-0.000049,0.000903
1.790028,-0.000353,-0.000046,0.000899
1.795028,-0.000353,-0.000054,0.000901
1.800028,-0.000355,-0.000048,0.000884
1.805028,-0.000357,-0.000048,0.000843
1.810029,-0.000363,0.000003,0.000750
1.815029,-0.000397,0.000324,0.000352
1.820029,-0.000437,0.000738,-0.000088
1.825029,-0.000517,0.001590,-0.000982
1.830029,-0.000587,0.002303,-0.001746
1.835030,-0.000729,0.003538,-0.003089
1.840030,-0.000859,0.004461,-0.004077
1.845030,-0.001122,0.005910,-0.005695
1.850030,-0.001359,0.006907,-0.006809
1.855031,-0.001816,0.008324,-0.008438
1.860031,-0.002196,0.009185,-0.009480
1.865031,-0.002845,0.010199,-0.010846
1.870031,-0.003295,0.010609,-0.011557
1.875032,-0.003934,0.010786,-0.012251
1.880032,-0.004309,0.010653,-0.012474
1.885032,-0.004765,0.010164,-0.012529
1.890032,-0.004979,0.009682,-0.012407
1.895033,-0.005164,0.008820,-0.011999
1.900033,-0.005194,0.008186,-0.011600
1.905033,-0.005100,0.007190,-0.010846
1.910033,-0.004970,0.006547,-0.010304
1.915033,-0.004741,0.005697,-0.009502
1.920034,-0.004591,0.005224,-0.009030
1.925034,-0.004360,0.004612,-0.008397
1.930034,-0.004200,0.004255,-0.007965
1.935034,-0.003853,0.003689,-0.007107
1.940035,-0.003442,0.003191,-0.006212
1.945035,-0.002480,0.002217,-0.004333
1.950035,-0.001680,0.001482,-0.002813
1.955035,-0.000317,0.000277,-0.000337
1.960036,0.000659,-0.000594,0.001398
1.965036,0.002134,-0.001991,0.004030
1.970036,0.003090,-0.002997,0.005781
1.975036,0.004409,-0.004632,0.008312
1.980036,0.005189,-0.005832,0.009910
1.985037,0.006116,-0.007764,0.012105
1.990037,0.006552,-0.009152,0.013435
1.995037,0.006887,-0.011355,0.015195
2.000037,0.006890,-0.012897,0.016219
2.005037,0.006551,-0.015284,0.017518
2.010037,0.006064,-0.016803,0.018193
2.015036,0.004957,-0.018775,0.018832
2.020036,0.004019,-0.019743,0.018990
2.025036,0.002454,-0.020546,0.018847
2.030035,0.001392,-0.020655,0.018568
2.035035,-0.000120,-0.020243,0.017978
2.040035,-0.001028,-0.019659,0.017490
2.045034,-0.002191,-0.018413,0.016653
2.050034,-0.002819,-0.017419,0.016045
2.055033,-0.003535,-0.015794,0.015076
2.060033,-0.003870,-0.014683,0.014393
2.065033,-0.004171,-0.013042,0.013309
2.070032,-0.004245,-0.011983,0.012548
2.075032,-0.004194,-0.010494,0.011347
2.080032,-0.004070,-0.009584,0.010509
2.085031,-0.003782,-0.008354,0.009239
2.090031,-0.003532,-0.007614,0.008410
2.095031,-0.003094,-0.006621,0.007187
2.100030,-0.002782,-0.006042,0.006412
2.105030,-0.002287,-0.005269,0.005285
2.110029,-0.001955,-0.004816,0.004564
2.115029,-0.001493,-0.004245,0.003618
2.120029,-0.001227,-0.003937,0.003091
2.125028,-0.000927,-0.003596,0.002505
2.130028,-0.000798,-0.003444,0.002267
2.135028,-0.000703,-0.003305,0.002105
2.140027,-0.000700,-0.003260,0.002083
2.145027,-0.000692,-0.003199,0.002088
2.150027,-0.000574,-0.003092,0.001918
2.155026,0.000026,-0.002695,0.001069
2.160026,0.000721,-0.002280,0.000078
2.165025,0.002201,-0.001437,-0.002012
2.170025,0.003440,-0.000730,-0.003740
2.175025,0.005464,0.000490,-0.006605
2.180024,0.006814,0.001398,-0.008555
2.185024,0.008710,0.002911,-0.011323
2.190024,0.009765,0.003985,-0.012939
2.195023,0.010881,0.005614,-0.014862
2.200023,0.011251,0.006639,-0.015701
2.205023,0.011226,0.007933,-0.016221
2.210022,0.010883,0.008580,-0.016124
2.215022,0.010040,0.009188,-0.015507
2.220021,0.009367,0.009382,-0.014903
2.225021,0.008315,0.009421,-0.013847
2.230021,0.007642,0.009333,-0.013120
2.235020,0.006707,0.009079,-0.012049
2.240020,0.006145,0.008859,-0.011360
2.245020,0.005401,0.008507,-0.010357
2.250019,0.004966,0.008270,-0.009722
2.255019,0.004395,0.007932,-0.008835
2.260019,0.004067,0.007741,-0.008305
2.265018,0.003632,0.007498,-0.007581
2.270018,0.003373,0.007363,-0.007157
2.275017,0.003026,0.007214,-0.006594
2.280017,0.002816,0.007142,-0.006276
2.285017,0.002520,0.007046,-0.005881
2.290016,0.002336,0.007003,-0.005656
2.295016,0.002073,0.006936,-0.005353
2.300016,0.001907,0.006897,-0.005182
2.305015,0.001670,0.006801,-0.004954
2.310015,0.001520,0.006727,-0.004818
2.315015,0.001308,0.006589,-0.004625
2.320014,0.001177,0.006465,-0.004487
2.325014,0.000996,0.006241,-0.004260
2.330014,0.000886,0.006075,-0.004102
2.335013,0.000738,0.005771,-0.003877
2.340013,0.000651,0.005539,-0.003745
2.345012,0.000535,0.005176,-0.003547
2.350012,0.000469,0.004924,-0.003428
2.355012,0.000384,0.004536,-0.003251
2.360011,0.000341,0.004269,-0.003122
2.365011,0.000287,0.003884,-0.002929
2.370011,0.000259,0.003643,-0.002812
2.375010,0.000229,0.003297,-0.002629
2.380010,0.000218,0.003062,-0.002499
2.385010,0.000208,0.002739,-0.002323
2.390009,0.000208,0.002526,-0.002183
2.395009,0.000218,0.002212,-0.001999
2.400008,0.000229,0.002007,-0.001867
2.405008,0.000253,0.001700,-0.001689
2.410008,0.000273,0.001496,-0.001576
2.415007,0.000305,0.001215,-0.001418
2.420007,0.000333,0.001021,-0.001294
2.425007,0.000377,0.000739,-0.001104
2.430006,0.000406,0.000574,-0.000996
2.435006,0.000447,0.000360,-0.000856
2.440006,0.000476,0.000220,-0.000760
2.445005,0.000518,0.000020,-0.000633
2.450005,0.000545,-0.000096,-0.000551
2.455004,0.000582,-0.000251,-0.000453
2.460004,0.000605,-0.000346,-0.000380
2.465004,0.000643,-0.000508,-0.000285
2.470003,0.000668,-0.000606,-0.000224
2.475003,0.000696,-0.000706,-0.000121
2.480003,0.000715,-0.000777,-0.000063
2.485002,0.000745,-0.000891,-0.000002
2.490002,0.000766,-0.000973,0.000036
2.495002,0.000787,-0.001057,0.000122
2.500001,0.000800,-0.001107,0.000199
2.505001,0.000816,-0.001162,0.000308
2.510000,0.000826,-0.001195,0.000363
2.515000,0.000840,-0.001240,0.000390
2.520000,0.000850,-0.001274,0.000391
2.524999,0.000864,-0.001328,0.000360
2.529999,0.000875,-0.001371,0.000335
2.534999,0.000889,-0.001425,0.000323
2.539998,0.000896,-0.001444,0.000308
2.544998,0.000903,-0.001448,0.000275
2.549998,0.000907,-0.001447,0.000260
2.554997,0.000917,-0.001476,0.000275
2.559997,0.000921,-0.001471,0.000283
2.564996,0.000926,-0.001446,0.000298
2.569996,0.000928,-0.001414,0.000320
2.574996,0.000929,-0.001347,0.000353
2.579995,0.000931,-0.001318,0.000352
2.584995,0.000936,-0.001305,0.000321
2.589995,0.000941,-0.001320,0.000318
2.594994,0.000946,-0.001325,0.000319
2.599994,0.000949,-0.001318,0.000310
2.604994,0.000953,-0.001304,0.000295
2.609993,0.000956,-0.001302,0.000281
2.614993,0.000960,-0.001293,0.000244
2.619992,0.000960,-0.001271,0.000225
2.624992,0.000960,-0.001233,0.000212
2.629992,0.000959,-0.001204,0.000205
2.634991,0.000957,-0.001131,0.000215
2.639991,0.000956,-0.001072,0.000210
2.644991,0.000955,-0.000990,0.000197
2.649990,0.000955,-0.000938,0.000174
2.654990,0.000957,-0.000881,0.000123
2.659990,0.000960,-0.000851,0.000069
2.664989,0.000962,-0.000801,-0.000018
2.669989,0.000963,-0.000763,-0.000096
2.674989,0.000965,-0.000698,-0.000203
2.679988,0.000967,-0.000664,-0.000250
2.684988,0.000973,-0.000619,-0.000327
2.689987,0.000976,-0.000596,-0.000362
2.694987,0.000983,-0.000576,-0.000395
2.699987,0.000987,-0.000563,-0.000399
2.704986,0.000993,-0.000547,-0.000389
2.709986,0.000998,-0.000539,-0.000381
2.714986,0.001011,-0.000524,-0.000373
2.719985,0.001024,-0.000493,-0.000375
2.724985,0.001050,-0.000452,-0.000374
2.729985,0.001072,-0.000418,-0.000382
2.734984,0.001113,-0.000368,-0.000396
2.739984,0.001146,-0.000322,-0.000418
2.744983,0.001202,-0.000245,-0.000453
2.749983,0.001243,-0.000197,-0.000493
2.754983,0.001312,-0.000154,-0.000537
2.759982,0.001363,-0.000143,-0.000559
2.764982,0.001445,-0.000127,-0.000603
2.769982,0.001505,-0.000117,-0.000619
2.774981,0.001598,-0.000109,-0.000623
2.779981,0.001661,-0.000091,-0.000625
2.784981,0.001761,-0.000067,-0.000661
2.789980,0.001831,-0.000049,-0.000687
2.794980,0.001940,-0.000026,-0.000735
2.799979,0.002014,-0.000027,-0.000759
2.804979,0.002130,-0.000028,-0.000779
2.809979,0.002208,-0.000012,-0.000798
2.814978,0.002327,0.000017,-0.000814
2.819978,0.002407,0.000049,-0.000812
2.824978,0.002529,0.000086,-0.000812
2.829977,0.002610,0.000098,-0.000808
2.834977,0.002732,0.000114,-0.000824
2.839977,0.002815,0.000114,-0.000843
2.844976,0.002940,0.000128,-0.000851
2.849976,0.003024,0.000148,-0.000862
2.854975,0.003148,0.000184,-0.000880
2.859975,0.003230,0.000202,-0.000904
2.864975,0.003352,0.000223,-0.000944
2.869974,0.003431,0.000232,-0.000971
2.874974,0.003549,0.000221,-0.001016
2.879974,0.003627,0.000220,-0.001022
2.884973,0.003743,0.000206,-0.000985
2.889973,0.003819,0.000203,-0.000945
2.894973,0.003931,0.000236,-0.000881
2.899972,0.004005,0.000263,-0.000863
2.904972,0.004117,0.000318,-0.000842
2.909971,0.004190,0.000362,-0.000840
2.914971,0.004299,0.000414,-0.000837
2.919971,0.004370,0.000442,-0.000833
2.924970,0.004475,0.000457,-0.000862
2.929970,0.004544,0.000490,-0.000896
2.934970,0.004648,0.000509,-0.000940
2.939969,0.004716,0.000493,-0.000985
2.944969,0.004816,0.000472,-0.001057
2.949969,0.004882,0.000463,-0.001101
2.954968,0.004980,0.000463,-0.001134
2.959968,0.005043,0.000469,-0.001127
2.964967,0.005137,0.000477,-0.001104
2.969967,0.005198,0.000496,-0.001088
2.974967,0.005287,0.000566,-0.001055
2.979966,0.005345,0.000620,-0.001010
2.984966,0.005431,0.000684,-0.000926
2.989966,0.005486,0.000721,-0.000876
2.994965,0.005569,0.000767,-0.000812
2.999965,0.005624,0.000783,-0.000788
3.004965,0.005706,0.000786,-0.000764
3.009964,0.005760,0.000790,-0.000756
3.014964,0.005842,0.000780,-0.000754
3.019964,0.005898,0.000772,-0.000737
3.024963,0.005985,0.000745,-0.000724
3.029963,0.006044,0.000749,-0.000706
3.034962,0.006136,0.000744,-0.000675
3.039962,0.006198,0.000746,-0.000667
3.044962,0.006293,0.000769,-0.000641
3.049961,0.006358,0.000783,-0.000631
3.054961,0.006457,0.000767,-0.000596
3.059961,0.006523,0.000751,-0.000565
3.064960,0.006626,0.000735,-0.000522
3.069960,0.006696,0.000735,-0.000503
3.074960,0.006802,0.000735,-0.000504
3.079959,0.006873,0.000736,-0.000503
3.084959,0.006981,0.000738,-0.000488
3.089958,0.007053,0.000768,-0.000493
3.094958,0.007162,0.000803,-0.000503
3.099958,0.007236,0.000802,-0.000513
3.104957,0.007347,0.000773,-0.000514
3.109957,0.007422,0.000758,-0.000518
3.114957,0.007535,0.000725,-0.000525
3.119956,0.007610,0.000697,-0.000509
3.124956,0.007719,0.000670,-0.000460
3.129956,0.007791,0.000652,-0.000421
3.134955,0.007899,0.000655,-0.000326
3.139955,0.007970,0.000676,-0.000266
3.144954,0.008074,0.000695,-0.000181
3.149954,0.008144,0.000702,-0.000141
3.154954,0.008250,0.000743,-0.000110
3.159953,0.008320,0.000770,-0.000097
3.164953,0.008421,0.000817,-0.000098
3.169953,0.008487,0.000847,-0.000089
3.174952,0.008585,0.000881,-0.000077
3.179952,0.008650,0.000893,-0.000067
3.184952,0.008747,0.000900,-0.000054
3.189951,0.008810,0.000900,-0.000062
3.194951,0.008905,0.000898,-0.000104
3.199950,0.008968,0.000873,-0.000128
3.204950,0.009062,0.000838,-0.000144
3.209950,0.009123,0.000814,-0.000157
3.214949,0.009208,0.000807,-0.000139
3.219949,0.009262,0.000803,-0.000123
3.224949,0.009334,0.000769,-0.000109
3.229948,0.009377,0.000757,-0.000091
3.234948,0.009433,0.000720,-0.000061
3.239948,0.009466,0.000701,-0.000049
3.244947,0.009507,0.000666,-0.000034
3.249947,0.009531,0.000660,-0.000006
3.254946,0.009559,0.000645,0.000034
3.259946,0.009574,0.000651,0.000071
3.264946,0.009591,0.000679,0.000129
3.269945,0.009599,0.000691,0.000154
3.274945,0.009607,0.000690,0.000188
3.279945,0.009607,0.000693,0.000215
3.284944,0.009606,0.000702,0.000280
3.289944,0.009603,0.000727,0.000308
3.294944,0.009594,0.000750,0.000353
3.299943,0.009586,0.000765,0.000384
3.304943,0.009571,0.000777,0.000408
3.309942,0.009559,0.000777,0.000416
3.314942,0.009539,0.000751,0.000418
3.319942,0.009524,0.000756,0.000422
3.324941,0.009499,0.000761,0.000403
3.329941,0.009481,0.000763,0.000388
3.334941,0.009450,0.000756,0.000387
3.339940,0.009430,0.000734,0.000392
3.344940,0.009398,0.000717,0.000422
3.349940,0.009376,0.000725,0.000454
3.354939,0.009342,0.000731,0.000491
3.359939,0.009318,0.000710,0.000532
3.364938,0.009282,0.000665,0.000576
3.369938,0.009259,0.000637,0.000595
3.374938,0.009222,0.000600,0.000615
3.379937,0.009197,0.000587,0.000633
3.384937,0.009159,0.000581,0.000653
3.389937,0.009132,0.000594,0.000667
3.394936,0.009092,0.000592,0.000690
3.399936,0.009066,0.000586,0.000702
3.404936,0.009030,0.000593,0.000708
3.409935,0.009006,0.000595,0.000689
3.414935,0.008970,0.000557,0.000663
3.419935,0.008945,0.000510,0.000653
3.424934,0.008908,0.000466,0.000644
3.429934,0.008884,0.000449,0.000641
3.434933,0.008848,0.000425,0.000653
3.439933,0.008826,0.000419,0.000681
3.444933,0.008792,0.000416,0.000729
3.449932,0.008770,0.000414,0.000747
3.454932,0.008739,0.000414,0.000783
3.459932,0.008718,0.000409,0.000817
3.464931,0.008686,0.000374,0.000859
3.469931,0.008665,0.000342,0.000904
3.474931,0.008633,0.000307,0.000960
3.479930,0.008612,0.000284,0.000974
3.484930,0.008583,0.000240,0.000987
3.489929,0.008563,0.000207,0.000972
3.494929,0.008533,0.000146,0.000965
3.499929,0.008513,0.000125,0.000946
3.504928,0.008485,0.000088,0.000960
3.509928,0.008466,0.000057,0.000993
3.514928,0.008439,0.000006,0.001052
3.519927,0.008422,-0.000027,0.001084
3.524927,0.008394,-0.000065,0.001093
3.529927,0.008376,-0.000072,0.001089
3.534926,0.008349,-0.000060,0.001081
3.539926,0.008330,-0.000053,0.001060
3.544925,0.008304,-0.000045,0.001013
3.549925,0.008287,-0.000022,0.000973
3.554925,0.008264,-0.000017,0.000936
3.559924,0.008248,-0.000031,0.000923
3.564924,0.008224,-0.000052,0.000888
3.569924,0.008209,-0.000061,0.000867
3.574923,0.008186,-0.000090,0.000848
3.579923,0.008169,-0.000117,0.000842
3.584923,0.008146,-0.000148,0.000839
3.589922,0.008131,-0.000174,0.000850
3.594922,0.008110,-0.000213,0.000864
3.599921,0.008096,-0.000235,0.000873
3.604921,0.008076,-0.000284,0.000874
3.609921,0.008063,-0.000316,0.000883
3.614920,0.008044,-0.000368,0.000874
3.619920,0.008032,-0.000404,0.000865
3.624920,0.008015,-0.000457,0.000880
3.629919,0.008007,-0.000485,0.000888
3.634919,0.007997,-0.000516,0.000886
3.639919,0.007992,-0.000523,0.000868
3.644918,0.007987,-0.000523,0.000867
3.649918,0.007984,-0.000516,0.000864
3.654917,0.007982,-0.000535,0.000860
3.659917,0.007982,-0.000558,0.000849
3.664917,0.007982,-0.000578,0.000836
3.669916,0.007983,-0.000581,0.000829
3.674916,0.007986,-0.000616,0.000825
3.679916,0.007988,-0.000620,0.000795
3.684915,0.007994,-0.000621,0.000759
3.689915,0.008000,-0.000624,0.000740
3.694915,0.008011,-0.000632,0.000699
3.699914,0.008019,-0.000625,0.000678
3.704914,0.008032,-0.000604,0.000642
3.709913,0.008040,-0.000594,0.000619
3.714913,0.008055,-0.000609,0.000588
3.719913,0.008065,-0.000618,0.000566
3.724912,0.008079,-0.000621,0.000549
3.729912,0.008088,-0.000628,0.000522
3.734912,0.008103,-0.000640,0.000466
3.739911,0.008113,-0.000643,0.000436
3.744911,0.008128,-0.000656,0.000400
3.749911,0.008139,-0.000671,0.000388
3.754910,0.008156,-0.000701,0.000382
3.759910,0.008169,-0.000730,0.000379
3.764910,0.008187,-0.000754,0.000383
3.769909,0.008199,-0.000769,0.000377
3.774909,0.008216,-0.000779,0.000380
3.779908,0.008229,-0.000773,0.000388
3.784908,0.008248,-0.000754,0.000402
3.789908,0.008260,-0.000737,0.000406
3.794907,0.008277,-0.000723,0.000402
3.799907,0.008290,-0.000742,0.000414
3.804907,0.008308,-0.000788,0.000433
3.809906,0.008320,-0.000821,0.000439
3.814906,0.008338,-0.000862,0.000416
3.819906,0.008350,-0.000873,0.000397
3.824905,0.008370,-0.000906,0.000352
3.829905,0.008382,-0.000922,0.000330